0     1.38  4.16  6.90  1.70  8.09  8.05  9.68  13.41  12.44  23.16  14.02  22.79  19.00  14.87  21.76  14.55  6.49  16.21  19.40
1.38  0     2.94  5.96  2.73  6.74  6.72  8.31  12.06  11.27  21.79  12.68  21.46  17.63  13.81  20.70  13.42  5.75  14.93  18.18
4.16  2.94  0     3.31  4.81  4.13  5.37  6.43  10.19  8.33   19.44  9.96   19.66  15.29  10.91  17.79  12.73  6.72  13.49  15.25
6.90  5.96  3.31  0     6.87  4.35  7.23  7.46  10.79  5.91   18.82  8.81   19.95  14.81  8.01   14.89  14.57  9.85  14.50  12.91
1.70  2.73  4.81  6.87  0     8.93  9.40 10.89  14.67  12.70  24.20  14.76  24.11  20.04  14.87  21.72  16.14  8.19  17.63  19.71
8.09  6.74  4.13  4.35  8.93  0     3.45  3.13  6.50   5.56   15.32  5.94   15.83  11.18  8.59   15.13  10.37  7.64  10.15  11.87
8.05  6.72  5.37  7.23  9.40  3.45  0     1.97  5.42   8.76   15.44  7.73   14.74  11.34  11.84  18.09  7.43   3.95  10.11  11.90
9.68  8.31  6.43  7.46  10.89 3.13  1.97  0     5.02   9.53   15.67  7.89   14.63  11.72  12.65  19.31  7.17   5.10  11.53  12.95
13.41 12.06 10.19 10.79 14.67 6.50  5.42  5.02  0      11.83  20.02  8.80   17.05  13.18  15.25  22.61  9.57   9.95  16.09  18.25
12.44 11.27  8.33 5.91  12.70 5.56  8.76  9.53  11.83  0      11.79  6.54   19.19  14.08  7.14   12.26  15.64  11.77 15.31  12.86
23.16 21.79 19.44 18.82 24.20 15.32 15.44 15.67 20.02  11.79  0      10.10  8.20   4.80   13.57  19.21  23.46  19.34 23.62  18.26
14.02 12.68  9.96 8.81  14.76 5.94  7.73  7.89  8.80   6.54   10.10  0      10.28  7.65   11.46  18.39  10.11  7.32  12.44  9.81
22.79 21.46 19.66 19.95 24.11 15.83 14.74 14.63 17.05  19.19  8.20   10.28  0      5.50   10.76  9.12   23.14  18.29 21.23  16.75
19.00 17.63 15.29 14.81 20.04 11.18 11.34 11.72 13.18  14.08  4.80   7.65   5.50   0      12.18  7.59   18.78  14.32 17.49  12.25
14.87 13.81 10.91 8.01  14.87 8.59  11.84 12.65 15.25  7.14   13.57  11.46  10.76  12.18  0      10.92  18.69  14.62 18.21  10.61
21.76 20.70 17.79 14.89 21.72 15.13 18.09 19.31 22.61  12.26  19.21  18.39  9.12   7.59   10.92  0      21.94  19.73 24.09  12.35
14.55 13.42 12.73 14.57 16.14 10.37 7.43  7.17  9.57   15.64  23.46  10.11  23.14  18.78  18.69  21.94  0      13.78 15.44  21.26
6.49  5.75  6.72  9.85  8.19  7.64  3.95  5.10  9.95   11.77  19.34  7.32   18.29  14.32  14.62  19.73  13.78  0     9.35   15.28
16.21 14.93 13.49 14.50 17.63 10.15 10.11 11.53 16.09  15.31  23.62  12.44  21.23  17.49  18.21  24.09  15.44  9.35  0      19.81
19.40 18.18 15.25 12.91 19.71 11.87 11.90 12.95 18.25  12.86  18.26  9.81   16.75  12.25  10.61  12.35  21.26  15.28 19.81  0  